  -6.00000000       0.00000000       6.07588291E-09
  -5.91946316       0.00000000       9.81886927E-09
  -5.83892584       0.00000000       1.57651137E-08
  -5.75838900       0.00000000       2.51486973E-08
  -5.67785215       0.00000000       3.98580369E-08
  -5.59731483       0.00000000       6.27626875E-08
  -5.51677895       0.00000000       9.81897657E-08
  -5.43624210       0.00000000       1.52621809E-07
  -5.35570478       0.00000000       2.35695325E-07
  -5.27516794       0.00000000       3.61632743E-07
  -5.19463110       0.00000000       5.51273672E-07
  -5.11409378       0.00000000       8.34931370E-07
  -5.03355694       0.00000000       1.25636757E-06
  -4.95302010       0.00000000       1.87830199E-06
  -4.87248278       9.99999997E-07   2.78996094E-06
  -4.79194593       9.99999997E-07   4.11730662E-06
  -4.71140909       9.99999997E-07   6.03685930E-06
  -4.63087177       1.99999999E-06   8.79413892E-06
  -4.55033588       3.00000011E-06   1.27278636E-05
  -4.46979904       3.99999999E-06   1.83021857E-05
  -4.38926220       6.00000021E-06   2.61476816E-05
  -4.30872488       7.99999998E-06   3.71148599E-05
  -4.22818804       1.20000004E-05   5.23412382E-05
  -4.14765120       1.70000003E-05   7.33371126E-05
  -4.06711388       2.40000008E-05   1.02090933E-04
  -3.98657703       3.40000006E-05   1.41199504E-04
  -3.90603995       4.70000014E-05   1.94027161E-04
  -3.82550311       6.50000002E-05   2.64895440E-04
  -3.74496603       9.00000014E-05   3.59310419E-04
  -3.66442990       1.23999998E-04   4.84224642E-04
  -3.58389306       1.69000006E-04   6.48347719E-04
  -3.50335598       2.30000005E-04   8.62487301E-04
  -3.42281890       3.10000003E-04   1.13993580E-03
  -3.34228206       4.14999988E-04   1.49689335E-03
  -3.26174498       5.54000027E-04   1.95292220E-03
  -3.18120790       7.32999993E-04   2.53140600E-03
  -3.10067105       9.65000014E-04   3.26003041E-03
  -3.02013397       1.26299995E-03   4.17123549E-03
  -2.93959689       1.64300005E-03   5.30262478E-03
  -2.85906005       2.12400011E-03   6.69730222E-03
  -2.77852297       2.73000007E-03   8.40411708E-03
  -2.69798708       3.48800002E-03   1.04777049E-02
  -2.61745000       4.42899996E-03   1.29785044E-02
  -2.53691292       5.59200021E-03   1.59722548E-02
  -2.45637608       7.01700011E-03   1.95294786E-02
  -2.37583899       8.75500031E-03   2.37245727E-02
  -2.29530191       1.08580003E-02   2.86344774E-02
  -2.21476507       1.33880004E-02   3.43370400E-02
  -2.13422799       1.64119992E-02   4.09090817E-02
  -2.05369091       2.00030003E-02   4.84239087E-02
  -1.97315395       2.42389999E-02   5.69485649E-02
  -1.89261699       2.92039998E-02   6.65409341E-02
  -1.81208098       3.49869989E-02   7.72462264E-02
  -1.73154402       4.16769981E-02   8.90942141E-02
  -1.65100706       4.93689999E-02  0.102095082    
  -1.57046998       5.81529997E-02  0.116236724    
  -1.48993301       6.81210011E-02  0.131481558    
  -1.40939605       7.93590024E-02  0.147764266    
  -1.32885897       9.19469967E-02  0.164989814    
  -1.24832201      0.105957001      0.183032334    
  -1.16778505      0.121446997      0.201735169    
  -1.08724797      0.138464004      0.220911622    
  -1.00671101      0.157037005      0.240346879    
 -0.926173985      0.177177995      0.259801447    
 -0.845637977      0.198877007      0.279014856    
 -0.765101016      0.222105995      0.297712117    
 -0.684563994      0.246810004      0.315608621    
 -0.604026973      0.272913009      0.332417756    
 -0.523490012      0.300316989      0.347858518    
 -0.442952991      0.328900009      0.361663103    
 -0.362415999      0.358521014      0.373584449    
 -0.281879008      0.389017999      0.383403867    
 -0.201342002      0.420215011      0.390937418    
 -0.120805003      0.451923013      0.396041811    
  -4.02680002E-02  0.483940005      0.398618966    
   4.02680002E-02  0.516059995      0.398618966    
  0.120805003      0.548076987      0.396041811    
  0.201342002      0.579784989      0.390937418    
  0.281879008      0.610982001      0.383403867    
  0.362415999      0.641479015      0.373584449    
  0.442952991      0.671100020      0.361663103    
  0.523490012      0.699683011      0.347858518    
  0.604026973      0.727087021      0.332417756    
  0.684563994      0.753189981      0.315608621    
  0.765101016      0.777894020      0.297712117    
  0.845637977      0.801123023      0.279014856    
  0.926173985      0.822821975      0.259801447    
   1.00671101      0.842962980      0.240346879    
   1.08724797      0.861536026      0.220911622    
   1.16778505      0.878552973      0.201735169    
   1.24832201      0.894043028      0.183032334    
   1.32885897      0.908052981      0.164989814    
   1.40939605      0.920641005      0.147764266    
   1.48993301      0.931878984      0.131481558    
   1.57046998      0.941847026      0.116236724    
   1.65100706      0.950631022      0.102095082    
   1.73154402      0.958323002       8.90942141E-02
   1.81208098      0.965013027       7.72462264E-02
   1.89261699      0.970795989       6.65409341E-02
   1.97315395      0.975760996       5.69485649E-02
   2.05369091      0.979996979       4.84239087E-02
   2.13422799      0.983587980       4.09090817E-02
   2.21476507      0.986612022       3.43370400E-02
   2.29530191      0.989142001       2.86344774E-02
   2.37583899      0.991244972       2.37245727E-02
   2.45637608      0.992982984       1.95294786E-02
   2.53691292      0.994408011       1.59722548E-02
   2.61745000      0.995571017       1.29785044E-02
   2.69798708      0.996511996       1.04777049E-02
   2.77852297      0.997269988       8.40411708E-03
   2.85906005      0.997875988       6.69730222E-03
   2.93959689      0.998356998       5.30262478E-03
   3.02013397      0.998736978       4.17123549E-03
   3.10067105      0.999035001       3.26003041E-03
   3.18120790      0.999266982       2.53140600E-03
   3.26174498      0.999445975       1.95292220E-03
   3.34228206      0.999584973       1.49689335E-03
   3.42281890      0.999689996       1.13993580E-03
   3.50335598      0.999769986       8.62487301E-04
   3.58389306      0.999831021       6.48347719E-04
   3.66442990      0.999876022       4.84224642E-04
   3.74496603      0.999909997       3.59310419E-04
   3.82550311      0.999934971       2.64895440E-04
   3.90603995      0.999952972       1.94027161E-04
   3.98657703      0.999966025       1.41199504E-04
   4.06711388      0.999975979       1.02090933E-04
   4.14765120      0.999983013       7.33371126E-05
   4.22818804      0.999988019       5.23412382E-05
   4.30872488      0.999992013       3.71148599E-05
   4.38926220      0.999993980       2.61476816E-05
   4.46979904      0.999996006       1.83021857E-05
   4.55033588      0.999997020       1.27278636E-05
   4.63087177      0.999997973       8.79413892E-06
   4.71140909      0.999998987       6.03685930E-06
   4.79194593      0.999998987       4.11730662E-06
   4.87248278      0.999998987       2.78996094E-06
   4.95302010       1.00000000       1.87830199E-06
   5.03355694       1.00000000       1.25636757E-06
   5.11409378       1.00000000       8.34931370E-07
   5.19463110       1.00000000       5.51273672E-07
   5.27516794       1.00000000       3.61632743E-07
   5.35570478       1.00000000       2.35695325E-07
   5.43624210       1.00000000       1.52621809E-07
   5.51677895       1.00000000       9.81897657E-08
   5.59731483       1.00000000       6.27626875E-08
   5.67785215       1.00000000       3.98580369E-08
   5.75838900       1.00000000       2.51486973E-08
   5.83892584       1.00000000       1.57651137E-08
   5.91946316       1.00000000       9.81886927E-09
   6.00000000       1.00000000       6.07588291E-09
