  -6.00000000       0.00000000       6.34910577E-08
  -5.91946316       0.00000000       1.20146140E-07
  -5.83892584       0.00000000       2.24426572E-07
  -5.75838900       0.00000000       4.13811961E-07
  -5.67785215       0.00000000       7.53179791E-07
  -5.59731483       0.00000000       1.35319829E-06
  -5.51677895       0.00000000       2.39986093E-06
  -5.43624210       0.00000000       4.20126025E-06
  -5.35570478       0.00000000       7.26007465E-06
  -5.27516794       0.00000000       1.23841828E-05
  -5.19463110       0.00000000       2.08525707E-05
  -5.11409378       0.00000000       3.46592387E-05
  -5.03355694       0.00000000       5.68648138E-05
  -4.95302010       0.00000000       9.20946986E-05
  -4.87248278       9.99999997E-07   1.47228668E-04
  -4.79194593       9.99999997E-07   2.32335689E-04
  -4.71140909       9.99999997E-07   3.61913699E-04
  -4.63087177       1.99999999E-06   5.56495332E-04
  -4.55033588       3.00000011E-06   8.44658061E-04
  -4.46979904       3.99999999E-06   1.26551930E-03
  -4.38926220       6.00000021E-06   1.87164184E-03
  -4.30872488       7.99999998E-06   2.73239706E-03
  -4.22818804       1.20000004E-05   3.93758714E-03
  -4.14765120       1.70000003E-05   5.60121844E-03
  -4.06711388       2.40000008E-05   7.86506012E-03
  -3.98657703       3.40000006E-05   1.09015144E-02
  -3.90603995       4.70000014E-05   1.49155147E-02
  -3.82550311       6.50000002E-05   2.01444440E-02
  -3.74496603       9.00000014E-05   2.68558525E-02
  -3.66442990       1.23999998E-04   3.53416875E-02
  -3.58389306       1.69000006E-04   4.59095351E-02
  -3.50335598       2.30000005E-04   5.88687845E-02
  -3.42281890       3.10000003E-04   7.45132193E-02
  -3.34228206       4.14999988E-04   9.30995345E-02
  -3.26174498       5.54000027E-04  0.114822775    
  -3.18120790       7.32999993E-04  0.139789566    
  -3.10067105       9.65000014E-04  0.167991504    
  -3.02013397       1.26299995E-03  0.199281201    
  -2.93959689       1.64300005E-03  0.233352005    
  -2.85906005       2.12400011E-03  0.269725859    
  -2.77852297       2.73000007E-03  0.307751387    
  -2.69798708       3.48800002E-03  0.346611440    
  -2.61745000       4.42899996E-03  0.385347605    
  -2.53691292       5.59200021E-03  0.422891170    
  -2.45637608       7.01700011E-03  0.458110899    
  -2.37583899       8.75500031E-03  0.489867717    
  -2.29530191       1.08580003E-02  0.517074585    
  -2.21476507       1.33880004E-02  0.538757920    
  -2.13422799       1.64119992E-02  0.554115534    
  -2.05369091       2.00030003E-02  0.562565565    
  -1.97315395       2.42389999E-02  0.563783169    
  -1.89261699       2.92039998E-02  0.557721257    
  -1.81208098       3.49869989E-02  0.544613779    
  -1.73154402       4.16769981E-02  0.524959862    
  -1.65100706       4.93689999E-02  0.499493361    
  -1.57046998       5.81529997E-02  0.469136775    
  -1.48993301       6.81210011E-02  0.434946060    
  -1.40939605       7.93590024E-02  0.398049891    
  -1.32885897       9.19469967E-02  0.359588414    
  -1.24832201      0.105957001      0.320656538    
  -1.16778505      0.121446997      0.282254338    
  -1.08724797      0.138464004      0.245249018    
  -1.00671101      0.157037005      0.210348830    
 -0.926173985      0.177177995      0.178089783    
 -0.845637977      0.198877007      0.148835048    
 -0.765101016      0.222105995      0.122782513    
 -0.684563994      0.246810004       9.99848247E-02
 -0.604026973      0.272913009       8.03707018E-02
 -0.523490012      0.300316989       6.37716204E-02
 -0.442952991      0.328900009       4.99486178E-02
 -0.362415999      0.358521014       3.86176333E-02
 -0.281879008      0.389017999       2.94722766E-02
 -0.201342002      0.420215011       2.22028252E-02
 -0.120805003      0.451923013       1.65108275E-02
  -4.02680002E-02  0.483940005       1.21197999E-02
   4.02680002E-02  0.516059995       8.78193136E-03
  0.120805003      0.548076987       6.28129207E-03
  0.201342002      0.579784989       4.43480071E-03
  0.281879008      0.610982001       3.09076370E-03
  0.362415999      0.641479015       2.12629396E-03
  0.442952991      0.671100020       1.44393195E-03
  0.523490012      0.699683011       9.67914471E-04
  0.604026973      0.727087021       6.40461163E-04
  0.684563994      0.753189981       4.18325915E-04
  0.765101016      0.777894020       2.69713899E-04
  0.845637977      0.801123023       1.71655309E-04
  0.926173985      0.822821975       1.07840191E-04
   1.00671101      0.842962980       6.68755747E-05
   1.08724797      0.861536026       4.09374516E-05
   1.16778505      0.878552973       2.47365570E-05
   1.24832201      0.894043028       1.47545134E-05
   1.32885897      0.908052981       8.68713323E-06
   1.40939605      0.920641005       5.04885929E-06
   1.48993301      0.931878984       2.89652735E-06
   1.57046998      0.941847026       1.64031769E-06
   1.65100706      0.950631022       9.16944487E-07
   1.73154402      0.958323002       5.05971116E-07
   1.81208098      0.965013027       2.75596932E-07
   1.89261699      0.970795989       1.48180803E-07
   1.97315395      0.975760996       7.86451864E-08
   2.05369091      0.979996979       4.12021244E-08
   2.13422799      0.983587980       2.13075229E-08
   2.21476507      0.986612022       1.08770486E-08
   2.29530191      0.989142001       5.48095702E-09
   2.37583899      0.991244972       2.72625988E-09
   2.45637608      0.992982984       1.33858313E-09
   2.53691292      0.994408011       6.48768705E-10
   2.61745000      0.995571017       3.10384413E-10
   2.69798708      0.996511996       1.46579984E-10
   2.77852297      0.997269988       6.83316043E-11
   2.85906005      0.997875988       3.14433757E-11
   2.93959689      0.998356998       1.42824893E-11
   3.02013397      0.998736978       6.40390735E-12
   3.10067105      0.999035001       2.83434929E-12
   3.18120790      0.999266982       1.23830167E-12
   3.26174498      0.999445975       5.34028334E-13
   3.34228206      0.999584973       2.27336121E-13
   3.42281890      0.999689996       9.55301986E-14
   3.50335598      0.999769986       3.96259157E-14
   3.58389306      0.999831021       1.62249551E-14
   3.66442990      0.999876022       6.55773755E-15
   3.74496603      0.999909997       2.61633061E-15
   3.82550311      0.999934971       1.03037069E-15
   3.90603995      0.999952972       4.00555952E-16
   3.98657703      0.999966025       1.53708700E-16
   4.06711388      0.999975979       5.82236353E-17
   4.14765120      0.999983013       2.17703614E-17
   4.22818804      0.999988019       8.03524736E-18
   4.30872488      0.999992013       2.92751006E-18
   4.38926220      0.999993980       1.05284179E-18
   4.46979904      0.999996006       3.73761922E-19
   4.55033588      0.999997020       1.30976735E-19
   4.63087177      0.999997973       4.53068470E-20
   4.71140909      0.999998987       1.54700756E-20
   4.79194593      0.999998987       5.21420690E-21
   4.87248278      0.999998987       1.73481403E-21
   4.95302010       1.00000000       5.69741902E-22
   5.03355694       1.00000000       1.84702996E-22
   5.11409378       1.00000000       5.91067349E-23
   5.19463110       1.00000000       1.86706984E-23
   5.27516794       1.00000000       5.82176469E-24
   5.35570478       1.00000000       1.79190918E-24
   5.43624210       1.00000000       5.44426881E-25
   5.51677895       1.00000000       1.63279626E-25
   5.59731483       1.00000000       4.83388849E-26
   5.67785215       1.00000000       1.41259782E-26
   5.75838900       1.00000000       4.07482827E-27
   5.83892584       1.00000000       1.16029200E-27
   5.91946316       1.00000000       3.26127564E-28
   6.00000000       1.00000000       9.04846545E-29
